﻿datum,prirustkovy_pocet_nakazenych,kumulativni_pocet_nakazenych
2020-01-27,0,0
2020-01-28,0,0
2020-01-29,0,0
2020-01-30,0,0
2020-01-31,0,0
2020-02-01,0,0
2020-02-02,0,0
2020-02-03,0,0
2020-02-04,0,0
2020-02-05,0,0
2020-02-06,0,0
2020-02-07,0,0
2020-02-08,0,0
2020-02-09,0,0
2020-02-10,0,0
2020-02-11,0,0
2020-02-12,0,0
2020-02-13,0,0
2020-02-14,0,0
2020-02-15,0,0
2020-02-16,0,0
2020-02-17,0,0
2020-02-18,0,0
2020-02-19,0,0
2020-02-20,0,0
2020-02-21,0,0
2020-02-22,0,0
2020-02-23,0,0
2020-02-24,0,0
2020-02-25,0,0
2020-02-26,0,0
2020-02-27,0,0
2020-02-28,0,0
2020-02-29,0,0
2020-03-01,3,3
2020-03-02,0,3
2020-03-03,2,5
2020-03-04,1,6
2020-03-05,3,9
2020-03-06,11,20
2020-03-07,7,27
2020-03-08,6,33
2020-03-09,6,39
2020-03-10,25,64
2020-03-11,31,95
2020-03-12,22,117
2020-03-13,25,142
2020-03-14,48,190
2020-03-15,109,299
2020-03-16,85,384
2020-03-17,67,451
2020-03-18,110,561
2020-03-19,206,767
2020-03-20,124,891
2020-03-21,159,1050
2020-03-22,115,1165
2020-03-23,126,1291
2020-03-24,185,1476
2020-03-25,292,1768
2020-03-26,259,2027
2020-03-27,377,2404
2020-03-28,263,2667
2020-03-29,159,2826
2020-03-30,184,3010
2020-03-31,304,3314
2020-04-01,283,3597
2020-04-02,268,3865
2020-04-03,333,4198
2020-04-04,283,4481
2020-04-05,117,4598
2020-04-06,236,4834
2020-04-07,196,5030
2020-04-08,294,5324
2020-04-09,257,5581
2020-04-10,163,5744
2020-04-11,170,5914
2020-04-12,89,6003
2020-04-13,68,6071
2020-04-14,82,6153
2020-04-15,160,6313
2020-04-16,132,6445
2020-04-17,116,6561
2020-04-18,105,6666
2020-04-19,92,6758
2020-04-20,154,6912
2020-04-21,133,7045
2020-04-22,99,7144
2020-04-23,55,7199
2020-04-24,86,7285
2020-04-25,79,7364
2020-04-26,52,7416
2020-04-27,41,7457
2020-04-28,60,7517
2020-04-29,75,7592
2020-04-30,103,7695
2020-05-01,55,7750
2020-05-02,18,7768
2020-05-03,26,7794
2020-05-04,38,7832
2020-05-05,77,7909
2020-05-06,79,7988
2020-05-07,57,8045
2020-05-08,46,8091
2020-05-09,18,8109
2020-05-10,28,8137
2020-05-11,55,8192
2020-05-12,45,8237
2020-05-13,50,8287
2020-05-14,82,8369
2020-05-15,55,8424
2020-05-16,50,8474
2020-05-17,20,8494
2020-05-18,112,8606
2020-05-19,62,8668
2020-05-20,74,8742
2020-05-21,33,8775
2020-05-22,59,8834
2020-05-23,77,8911
2020-05-24,65,8976
2020-05-25,47,9023
2020-05-26,48,9071
2020-05-27,37,9108
2020-05-28,54,9162
2020-05-29,57,9219
2020-05-30,34,9253
2020-05-31,38,9291
2020-06-01,34,9325
2020-06-02,62,9387
2020-06-03,74,9461
2020-06-04,60,9521
2020-06-05,35,9556
2020-06-06,38,9594
2020-06-07,61,9655
2020-06-08,69,9724
2020-06-09,54,9778
2020-06-10,73,9851
2020-06-11,63,9914
2020-06-12,52,9966
2020-06-13,53,10019
2020-06-14,33,10052
2020-06-15,40,10092
2020-06-16,47,10139
2020-06-17,51,10190
2020-06-18,118,10308
2020-06-19,126,10434
2020-06-20,42,10476
2020-06-21,50,10526
2020-06-22,64,10590
2020-06-23,89,10679
2020-06-24,127,10806
2020-06-25,93,10899
2020-06-26,168,11067
2020-06-27,260,11327
2020-06-28,305,11632
2020-06-29,201,11833
2020-06-30,149,11982
2020-07-01,91,12073
2020-07-02,132,12205
2020-07-03,139,12344
2020-07-04,121,12465
2020-07-05,75,12540
2020-07-06,51,12591
2020-07-07,118,12709
2020-07-08,129,12838
2020-07-09,105,12943
2020-07-10,141,13084
2020-07-11,53,13137
2020-07-12,59,13196
2020-07-13,64,13260
2020-07-14,104,13364
2020-07-15,134,13498
2020-07-16,137,13635
2020-07-17,128,13763
2020-07-18,112,13875
2020-07-19,91,13966
2020-07-20,168,14134
2020-07-21,207,14341
2020-07-22,245,14586
2020-07-23,231,14817
2020-07-24,278,15095
2020-07-25,132,15227
2020-07-26,114,15341
2020-07-27,194,15535
2020-07-28,278,15813
2020-07-29,274,16087
2020-07-30,254,16341
2020-07-31,231,16572
2020-08-01,123,16695
2020-08-02,101,16796
2020-08-03,208,17004
2020-08-04,287,17291
2020-08-05,241,17532
2020-08-06,215,17747
2020-08-07,323,18070
2020-08-08,173,18243
2020-08-09,122,18365
2020-08-10,140,18505
2020-08-11,288,18793
2020-08-12,289,19082
2020-08-13,329,19411
2020-08-14,291,19702
2020-08-15,197,19899
2020-08-16,121,20020
2020-08-17,191,20211
2020-08-18,281,20492
2020-08-19,313,20805
2020-08-20,246,21051
2020-08-21,504,21555
2020-08-22,234,21789
2020-08-23,136,21925
2020-08-24,259,22184
2020-08-25,364,22548
2020-08-26,395,22943
2020-08-27,350,23293
2020-08-28,485,23778
2020-08-29,320,24098
2020-08-30,274,24372
2020-08-31,256,24628
2020-09-01,499,25127
2020-09-02,645,25772
2020-09-03,675,26447
2020-09-04,797,27244
2020-09-05,504,27748
2020-09-06,410,28158
2020-09-07,561,28719
2020-09-08,1161,29880
2020-09-09,1158,31038
2020-09-10,1382,32420
2020-09-11,1443,33863
2020-09-12,1537,35400
2020-09-13,791,36191
2020-09-14,1028,37219
2020-09-15,1675,38894
2020-09-16,2133,41027
2020-09-17,3125,44152
2020-09-18,2108,46260
2020-09-19,2046,48306
2020-09-20,984,49290
2020-09-21,1476,50766
2020-09-22,2388,53154
2020-09-23,2307,55461
2020-09-24,2908,58369
2020-09-25,2946,61315
2020-09-26,1981,63296
2020-09-27,1304,64600
2020-09-28,1284,65884
2020-09-29,1963,67847
2020-09-30,2926,70773
2020-10-01,3502,74275
2020-10-02,3795,78070
2020-10-03,2554,80624
2020-10-04,1840,82464
2020-10-05,3118,85582
2020-10-06,4458,90040
2020-10-07,5338,95378
2020-10-08,5394,100772
2020-10-09,8616,109388
2020-10-10,4636,114024
2020-10-11,3104,117128
2020-10-12,4308,121436
2020-10-13,8324,129760
2020-10-14,9545,139305
2020-10-15,9723,149028
2020-10-16,11104,160132
2020-10-17,8713,168845
2020-10-18,5059,173904
2020-10-19,8076,181980
2020-10-20,11983,193963
2020-10-21,14969,208932
2020-10-22,14154,223086
2020-10-23,15249,238335
2020-10-24,12471,250806
2020-10-25,7300,258106
2020-10-26,10273,268379
2020-10-27,15664,284043
2020-10-28,12978,297021
2020-10-29,13051,310072
2020-10-30,13603,323675
2020-10-31,11427,335102
2020-11-01,6551,341653
2020-11-02,9240,350893
2020-11-03,12088,362981
2020-11-04,15725,378706
2020-11-05,13232,391938
2020-11-06,11546,403484
2020-11-07,7721,411205
2020-11-08,3608,414813
2020-11-09,6048,420861
2020-11-10,9055,429916
2020-11-11,8920,438836
2020-11-12,7874,446710
2020-11-13,7357,454067
2020-11-14,4196,458263
2020-11-15,1888,460151
2020-11-16,5411,465562
2020-11-17,4246,469808
2020-11-18,5514,475322
2020-11-19,6470,481792
2020-11-20,5809,487601
2020-11-21,3191,490792
2020-11-22,1509,492301
2020-11-23,4379,496680
2020-11-24,5854,502534
